{"metadata":{"formatVersion":2,"generatedBy":"LeapJS Playback 0.2.1","frames":133,"frameRate":"57","modified":"Fri Apr 12 2019 22:36:59 GMT+0300 (Moscow Standard Time)","title":"recordings/pinch-57fps"},"frames":[["id","timestamp",{"hands":[["id","type","direction","palmNormal","palmPosition","palmVelocity","stabilizedPalmPosition","pinchStrength","grabStrength","confidence","armBasis","armWidth","elbow","wrist"]]},{"pointables":[["id","direction","handId","length","stabilizedTipPosition","tipPosition","tipVelocity","tool","carpPosition","mcpPosition","pipPosition","dipPosition","btipPosition","bases","type"]]},{"interactionBox":["center","size"]}],[171719,11086766568,[[87,"right",[-0.0457658,0.69241,-0.720051],[-0.359249,-0.68399,-0.6349],[39.3046,166.016,16.4911],[-0.159124,0.574626,0.675342],[41.5582,163.453,14.1259],0,0,1,null,null,null,null]],[[870,[-0.595028,0.296892,-0.746858],87,50.4916,[-38.2016,157.695,-17.4605],[-39.5914,157.794,-13.9109],[0.926123,2.99923,0.784767],false,[20.7346,127.848,58.2295],[20.7346,127.848,58.2295],[-10.491,143.188,24.6367],[-30.1464,152.995,-0.0339627],[-42.4127,159.228,-18.056],[[[0.687474,0.654492,0.314675],[-0.571642,0.220464,0.79033],[0.44789,-0.723212,0.525698]],[[0.406285,0.912905,0.0392081],[-0.646559,0.256899,0.718307],[0.645673,-0.317188,0.694621]],[[0.406285,0.912905,0.0392081],[-0.693451,0.280107,0.663827],[0.595028,-0.296892,0.746858]],[[0.406285,0.912905,0.0392081],[-0.736386,0.301718,0.605559],[0.540988,-0.274902,0.794834]]],null],[871,[-0.273556,0.326267,-0.90483],87,56.9741,[-0.897578,225.575,-55.3779],[-2.43711,221.74,-59.3936],[-0.421338,4.25398,2.41754],false,[34.3492,146.189,60.604],[16.3391,189.788,7.17147],[8.19123,213.282,-26.2072],[1.78541,220.922,-47.3955],[-3.69838,221.984,-62.9775],[[[0.911202,-0.110104,-0.396973],[0.325366,0.783396,0.529555],[0.252681,-0.611693,0.749656]],[[0.928119,-0.157425,-0.337362],[0.316664,0.810324,0.49305],[0.195754,-0.56444,0.801928]],[[0.928119,-0.157425,-0.337362],[0.252513,0.932077,0.25975],[0.273556,-0.326267,0.90483]],[[0.928119,-0.157425,-0.337362],[0.169836,0.985445,0.00739203],[0.331288,-0.0641568,0.941346]]],null],[872,[-0.0286625,0.344578,-0.93832],87,64.9174,[37.9978,218.592,-77.4892],[38.1309,222.455,-76.6801],[1.12247,2.24349,1.40127],false,[45.4948,146.531,56.3648],[36.9749,186.395,2.44716],[40.8729,210.924,-37.0979],[40.0832,220.417,-62.9485],[37.5478,223.064,-80.7818],[[[0.868056,-0.323659,-0.376463],[0.4802,0.739884,0.471148],[0.126047,-0.58976,0.797681]],[[0.874424,-0.446174,-0.190559],[0.477928,0.724582,0.496553],[-0.0834735,-0.525271,0.846831]],[[0.874424,-0.446174,-0.190559],[0.484316,0.825951,0.288519],[0.0286625,-0.344578,0.93832]],[[0.874424,-0.446174,-0.190559],[0.464747,0.883053,0.065022],[0.139262,-0.145418,0.97952]]],null],[873,[0.0123446,0.411368,-0.911386],87,62.4199,[60.7509,213.511,-73.1947],[61.4945,216.013,-72.176],[1.0922,4.4344,3.36652],false,[56.0944,143.812,51.683],[56.9971,177.205,1.0176],[62.6461,201.641,-34.2632],[62.9774,212.681,-58.7233],[61.0516,217.008,-76.1943],[[[0.838457,-0.461768,-0.289413],[0.544765,0.695692,0.468236],[-0.0148741,-0.550257,0.834863]],[[0.834165,-0.50683,-0.217467],[0.535853,0.651506,0.537031],[-0.130503,-0.564502,0.81505]],[[0.834165,-0.50683,-0.217467],[0.551377,0.757562,0.349405],[-0.0123446,-0.411368,0.911386]],[[0.834165,-0.50683,-0.217467],[0.541156,0.828245,0.145465],[0.10639,-0.239025,0.965167]]],null],[874,[0.155351,0.302727,-0.940331],87,48.936,[87.2878,186.852,-60.9777],[86.6739,187.167,-60.7722],[-1.99007,0.587865,1.05869],false,[64.3283,134.646,45.4933],[73.3035,164.574,-1.19339],[83.7523,179.394,-30.2577],[86.696,185.13,-48.076],[86.6673,187.775,-64.5646],[[[0.729487,-0.630909,-0.264203],[0.665075,0.564035,0.489428],[-0.159765,-0.532745,0.831058]],[[0.690615,-0.713903,-0.115735],[0.655759,0.550632,0.516512],[-0.305012,-0.432605,0.848422]],[[0.690615,-0.713903,-0.115735],[0.706341,0.631427,0.319973],[-0.155351,-0.302727,0.940331]],[[0.690615,-0.713903,-0.115735],[0.723221,0.682093,0.108167],[0.00172182,-0.158404,0.987373]]],null]],[[0,200,0],[235.247,235.247,147.751]]],[171721,11086784005,[[87,"right",[-0.0457696,0.692302,-0.720155],[-0.359064,-0.684132,-0.634852],[39.2999,166.03,16.5062],[-0.217551,0.695196,0.784492],[41.5564,163.455,14.1277],0,0,1,null,null,null,null]],[[870,[-0.594978,0.297273,-0.746747],87,50.4916,[-38.2078,157.696,-17.4447],[-39.5899,157.848,-13.8833],[0.542271,3.08832,1.18],false,[20.7298,127.865,58.2475],[20.7298,127.865,58.2475],[-10.491,143.222,24.6582],[-30.1447,153.042,-0.00876141],[-42.4111,159.284,-18.0276],[[[0.687336,0.654636,0.314675],[-0.57178,0.220493,0.790222],[0.447925,-0.723073,0.525861]],[[0.406531,0.912784,0.0394629],[-0.646503,0.256879,0.718364],[0.645574,-0.31755,0.694547]],[[0.406531,0.912784,0.0394629],[-0.69335,0.280096,0.663937],[0.594978,-0.297273,0.746747]],[[0.406531,0.912784,0.0394629],[-0.736247,0.301718,0.605728],[0.540992,-0.275302,0.794692]]],null],[871,[-0.273908,0.326616,-0.904598],87,56.9741,[-0.903894,225.56,-55.394],[-2.46682,221.786,-59.3541],[-1.02111,3.39189,2.31374],false,[34.3414,146.209,60.6212],[16.3322,189.797,7.1801],[8.1744,213.322,-26.1745],[1.76034,220.97,-47.3574],[-3.72948,222.029,-62.9375],[[[0.911272,-0.110028,-0.396835],[0.325181,0.783518,0.529487],[0.252669,-0.61155,0.749777]],[[0.928076,-0.156969,-0.337692],[0.316643,0.809899,0.493761],[0.195991,-0.565176,0.801351]],[[0.928076,-0.156969,-0.337692],[0.25229,0.932031,0.260129],[0.273908,-0.326616,0.904598]],[[0.928076,-0.156969,-0.337692],[0.169358,0.985527,0.00734088],[0.331653,-0.0640037,0.941228]]],null],[872,[-0.028345,0.345106,-0.938136],87,64.9174,[37.9986,218.613,-77.4846],[38.154,222.515,-76.6438],[1.33864,2.97499,1.8004],false,[45.4875,146.551,56.3834],[36.969,186.406,2.45904],[40.8834,210.963,-37.0669],[40.1025,220.471,-62.9124],[37.572,223.126,-80.7453],[[[0.868153,-0.323587,-0.3763],[0.480029,0.74002,0.471108],[0.126026,-0.589629,0.797782]],[[0.874523,-0.446007,-0.190492],[0.477685,0.724248,0.497275],[-0.0838244,-0.525874,0.846422]],[[0.874523,-0.446007,-0.190492],[0.484155,0.825821,0.289161],[0.028345,-0.345106,0.938136]],[[0.874523,-0.446007,-0.190492],[0.46464,0.883072,0.0655269],[0.138993,-0.145815,0.979499]]],null],[873,[0.0123239,0.411404,-0.91137],87,62.4199,[60.7533,213.519,-73.1914],[61.5035,216.048,-72.1365],[0.865498,3.37749,2.93455],false,[56.0882,143.833,51.7035],[56.9928,177.22,1.03347],[62.6631,201.686,-34.2221],[62.9938,212.728,-58.6818],[61.0583,217.039,-76.1555],[[[0.838563,-0.461687,-0.289235],[0.544601,0.695837,0.46821],[-0.0149063,-0.550142,0.834938]],[[0.834282,-0.506654,-0.217428],[0.53555,0.651014,0.537928],[-0.130994,-0.565228,0.814468]],[[0.834282,-0.506654,-0.217428],[0.5512,0.75766,0.349471],[-0.0123239,-0.411404,0.91137]],[[0.834282,-0.506654,-0.217428],[0.540869,0.828594,0.144541],[0.106927,-0.238189,0.965315]]],null],[874,[0.154207,0.303262,-0.940347],87,48.936,[87.2835,186.855,-60.9762],[86.6163,187.236,-60.7305],[-2.66925,2.24363,1.74625],false,[64.3243,134.667,45.5162],[73.3014,164.59,-1.17355],[83.7441,179.46,-30.2144],[86.6662,185.207,-48.0331],[86.6014,187.842,-64.5232],[[[0.729614,-0.630841,-0.264015],[0.664927,0.564201,0.489437],[-0.159799,-0.532651,0.831112]],[[0.691112,-0.713265,-0.116693],[0.655315,0.55031,0.517417],[-0.304838,-0.434064,0.84774]],[[0.691112,-0.713265,-0.116693],[0.706105,0.63189,0.319579],[-0.154207,-0.303262,0.940347]],[[0.691112,-0.713265,-0.116693],[0.722737,0.682902,0.106281],[0.00388366,-0.157791,0.987465]]],null]],[[0,200,0],[235.247,235.247,147.751]]],[171723,11086801185,[[87,"right",[-0.045765,0.692154,-0.720297],[-0.358817,-0.684322,-0.634786],[39.2932,166.048,16.5257],[-0.298721,0.871753,0.943179],[41.5547,163.457,14.1296],0,0,1,null,null,null,null]],[[870,[-0.594727,0.297326,-0.746925],87,50.4916,[-38.2141,157.697,-17.4282],[-39.5738,157.877,-13.8768],[0.688075,2.33856,0.795642],false,[20.7224,127.888,58.2709],[20.7224,127.888,58.2709],[-10.4885,143.249,24.674],[-30.1339,153.07,0.00109015],[-42.3936,159.313,-18.0221],[[[0.687155,0.654826,0.314676],[-0.571969,0.220538,0.790072],[0.447962,-0.722887,0.526084]],[[0.406606,0.912746,0.0395797],[-0.646661,0.256928,0.718204],[0.645369,-0.317621,0.694706]],[[0.406606,0.912746,0.0395797],[-0.69352,0.280165,0.663729],[0.594727,-0.297326,0.746925]],[[0.406606,0.912746,0.0395797],[-0.736425,0.301804,0.605469],[0.540694,-0.275335,0.794884]]],null],[871,[-0.274038,0.326207,-0.904706],87,56.9741,[-0.909519,225.546,-55.4081],[-2.48064,221.784,-59.3389],[-0.919859,1.80258,1.65448],false,[34.3301,146.235,60.6436],[16.3227,189.81,7.1907],[8.16565,213.345,-26.1566],[1.74855,220.984,-47.3419],[-3.7439,222.024,-62.9224],[[[0.911366,-0.109933,-0.396644],[0.324935,0.783681,0.529397],[0.252644,-0.611358,0.749942]],[[0.928131,-0.156738,-0.337648],[0.316492,0.809764,0.49408],[0.195974,-0.565433,0.801174]],[[0.928131,-0.156738,-0.337648],[0.251945,0.932213,0.259811],[0.274038,-0.326207,0.904705]],[[0.928131,-0.156738,-0.337648],[0.168744,0.98564,0.00630572],[0.331811,-0.0628285,0.941251]]],null],[872,[-0.027779,0.345957,-0.937839],87,64.9174,[37.9996,218.634,-77.4801],[38.2006,222.612,-76.5852],[1.9957,4.26105,2.58576],false,[45.477,146.579,56.4078],[36.9611,186.422,2.47414],[40.909,211.03,-37.0168],[40.1437,220.561,-62.8541],[37.6202,223.224,-80.6867],[[[0.868284,-0.323496,-0.376076],[0.479802,0.740201,0.471054],[0.125987,-0.589451,0.797919]],[[0.874652,-0.44581,-0.190361],[0.477323,0.723574,0.498601],[-0.084541,-0.526966,0.845671]],[[0.874652,-0.44581,-0.190361],[0.483955,0.825571,0.290208],[0.027779,-0.345957,0.937839]],[[0.874652,-0.44581,-0.190361],[0.464515,0.883089,0.0661796],[0.138602,-0.14631,0.979481]]],null],[873,[0.0120733,0.411353,-0.911396],87,62.4199,[60.7553,213.526,-73.1884],[61.4955,216.085,-72.0911],[0.272474,2.9232,2.86959],false,[56.079,143.862,51.7304],[56.9868,177.238,1.05409],[62.6743,201.742,-34.1734],[62.9983,212.782,-58.6337],[61.0466,217.072,-76.1108],[[[0.838703,-0.461586,-0.288989],[0.544383,0.69603,0.468177],[-0.014959,-0.549983,0.835042]],[[0.834449,-0.506354,-0.217486],[0.535193,0.650513,0.538889],[-0.131391,-0.566072,0.813817]],[[0.834449,-0.506354,-0.217486],[0.550953,0.757888,0.349367],[-0.0120733,-0.411353,0.911396]],[[0.834449,-0.506354,-0.217486],[0.540435,0.829114,0.143181],[0.10782,-0.237014,0.965505]]],null],[874,[0.152529,0.303464,-0.940556],87,48.936,[87.2792,186.857,-60.9746],[86.5337,187.297,-60.6846],[-3.73972,2.79023,2.13585],false,[64.318,134.696,45.5464],[73.2982,164.612,-1.14745],[83.7354,179.538,-30.1616],[86.6257,185.288,-47.9842],[86.5063,187.897,-64.4781],[[[0.729781,-0.630755,-0.263757],[0.66473,0.56442,0.489452],[-0.159854,-0.53252,0.831185]],[[0.691692,-0.712534,-0.117723],[0.654779,0.549968,0.518459],[-0.304676,-0.435696,0.84696]],[[0.691692,-0.712534,-0.117723],[0.705902,0.632618,0.318585],[-0.152529,-0.303464,0.940556]],[[0.691692,-0.712534,-0.117723],[0.722158,0.684021,0.102975],[0.00715165,-0.156242,0.987693]]],null]],[[0,200,0],[235.247,235.247,147.751]]],[171725,11086818576,[[87,"right",[-0.0457559,0.692003,-0.720443],[-0.358571,-0.684514,-0.634719],[39.2853,166.067,16.5447],[-0.369687,0.978891,1.0143],[41.5528,163.459,14.1316],0,0,1,null,null,null,null]],[[870,[-0.594516,0.297189,-0.747148],87,50.4916,[-38.2207,157.698,-17.4108],[-39.563,157.888,-13.8752],[0.676773,1.58382,0.467696],false,[20.7137,127.912,58.294],[20.7137,127.912,58.294],[-10.4892,143.267,24.687],[-30.1276,153.084,0.0067217],[-42.3813,159.323,-18.0217],[[[0.686975,0.655015,0.314677],[-0.572159,0.220589,0.78992],[0.447995,-0.7227,0.526312]],[[0.406546,0.912773,0.0395748],[-0.646864,0.256981,0.718002],[0.645203,-0.3175,0.694915]],[[0.406546,0.912773,0.0395748],[-0.693738,0.280222,0.663478],[0.594515,-0.297189,0.747148]],[[0.406546,0.912773,0.0395748],[-0.73665,0.301863,0.605166],[0.540433,-0.27518,0.795115]]],null],[871,[-0.274363,0.325892,-0.904721],87,56.9741,[-0.914405,225.534,-55.4201],[-2.51079,221.79,-59.317],[-1.30386,1.28398,1.53858],false,[34.3176,146.262,60.6656],[16.3123,189.823,7.20073],[8.14728,213.372,-26.1349],[1.72257,221.003,-47.3206],[-3.7753,222.025,-62.9004],[[[0.911461,-0.109844,-0.396449],[0.32469,0.783846,0.529303],[0.252614,-0.611163,0.750111]],[[0.928142,-0.156365,-0.33779],[0.31634,0.809607,0.494434],[0.196165,-0.565762,0.800895]],[[0.928142,-0.156365,-0.33779],[0.251549,0.932386,0.259574],[0.274363,-0.325892,0.904721]],[[0.928142,-0.156365,-0.33779],[0.168035,0.985766,0.00539296],[0.332139,-0.061766,0.941206]]],null],[872,[-0.0270359,0.347005,-0.937474],87,64.9174,[38.0008,218.654,-77.4754],[38.2618,222.725,-76.5191],[2.69101,5.32361,3.15942],false,[45.4652,146.607,56.4319],[36.9522,186.437,2.48875],[40.9418,211.105,-36.9611],[40.197,220.664,-62.7884],[37.6837,223.341,-80.6205],[[[0.868415,-0.323411,-0.375847],[0.479577,0.740383,0.470999],[0.125945,-0.58927,0.79806]],[[0.874776,-0.445643,-0.190182],[0.476936,0.722756,0.500156],[-0.0854358,-0.528229,0.844793]],[[0.874776,-0.445643,-0.190182],[0.483773,0.825221,0.291503],[0.0270359,-0.347005,0.937474]],[[0.874776,-0.445643,-0.190182],[0.464447,0.883057,0.0670849],[0.138046,-0.147014,0.979454]]],null],[873,[0.0123233,0.411841,-0.911172],87,62.4199,[60.7572,213.533,-73.1856],[61.5249,216.163,-72.025],[0.774811,3.33909,3.12574],false,[56.0686,143.891,51.757],[56.9799,177.258,1.07431],[62.7011,201.812,-34.1123],[63.0319,212.865,-58.5667],[61.0748,217.148,-76.045],[[[0.838843,-0.461489,-0.288739],[0.544166,0.696222,0.468143],[-0.015016,-0.54982,0.835148]],[[0.834607,-0.506102,-0.217466],[0.534754,0.649689,0.540318],[-0.132171,-0.567243,0.812875]],[[0.834607,-0.506102,-0.217466],[0.550708,0.757791,0.349962],[-0.0123233,-0.411841,0.911172]],[[0.834607,-0.506102,-0.217466],[0.540131,0.829386,0.142747],[0.108118,-0.236598,0.965573]]],null],[874,[0.151643,0.305107,-0.940167],87,48.936,[87.2749,186.86,-60.9725],[86.4924,187.444,-60.602],[-3.27907,5.1987,3.22149],false,[64.3104,134.726,45.5765],[73.294,164.634,-1.12163],[83.7367,179.649,-30.0873],[86.6102,185.431,-47.9026],[86.4573,188.046,-64.3953],[[[0.729947,-0.630673,-0.263494],[0.664534,0.56464,0.489466],[-0.159914,-0.532385,0.83126]],[[0.692427,-0.711567,-0.119237],[0.653926,0.54913,0.52042],[-0.304837,-0.438325,0.845544]],[[0.692427,-0.711567,-0.119237],[0.705372,0.632916,0.319168],[-0.151643,-0.305107,0.940167]],[[0.692427,-0.711567,-0.119237],[0.72143,0.684949,0.101904],[0.00915949,-0.156582,0.987622]]],null]],[[0,200,0],[235.247,235.247,147.751]]],[171727,11086835907,[[87,"right",[-0.0457525,0.691839,-0.7206],[-0.358328,-0.684717,-0.634637],[39.2761,166.087,16.5637],[-0.444405,1.05595,1.04827],[41.5508,163.462,14.1337],0,0,1,null,null,null,null]],[[870,[-0.594287,0.297104,-0.747363],87,50.4916,[-38.2276,157.699,-17.3925],[-39.5505,157.905,-13.8735],[0.693247,1.30968,0.297141],false,[20.7039,127.938,58.3178],[20.7039,127.938,58.3178],[-10.4884,143.288,24.6991],[-30.1192,153.103,0.0117261],[-42.3677,159.34,-18.021],[[[0.686795,0.65521,0.314662],[-0.572345,0.220653,0.789768],[0.448033,-0.722504,0.52655]],[[0.406534,0.912777,0.0395951],[-0.64709,0.257066,0.717768],[0.644984,-0.317419,0.695155]],[[0.406534,0.912777,0.0395951],[-0.69394,0.280298,0.663235],[0.594287,-0.297104,0.747363]],[[0.406534,0.912777,0.0395951],[-0.736829,0.30193,0.604915],[0.540197,-0.275093,0.795305]]],null],[871,[-0.275207,0.32622,-0.904346],87,56.9741,[-0.919095,225.524,-55.4311],[-2.58281,221.843,-59.2624],[-2.68857,2.15516,2.33678],false,[34.304,146.29,60.6879],[16.3003,189.837,7.21035],[8.10527,213.421,-26.0924],[1.66079,221.06,-47.2694],[-3.85038,222.077,-62.8448],[[[0.911555,-0.10976,-0.396259],[0.324448,0.78402,0.529194],[0.25259,-0.610954,0.750289]],[[0.928015,-0.155545,-0.338519],[0.316266,0.809159,0.495214],[0.196887,-0.566628,0.800105]],[[0.928015,-0.155545,-0.338519],[0.251098,0.932409,0.25993],[0.275207,-0.32622,0.904346]],[[0.928015,-0.155545,-0.338519],[0.167148,0.985918,0.00520402],[0.332942,-0.0614123,0.940945]]],null],[872,[-0.0268955,0.347561,-0.937272],87,64.9174,[38.0021,218.673,-77.4707],[38.2712,222.803,-76.4692],[1.76095,5.10834,3.12251],false,[45.4522,146.637,56.4562],[36.9417,186.454,2.50288],[40.9486,211.166,-36.917],[40.2076,220.741,-62.7388],[37.6928,223.418,-80.5706],[[[0.868544,-0.323331,-0.375619],[0.479353,0.740573,0.470927],[0.125908,-0.589075,0.798209]],[[0.874919,-0.445335,-0.190246],[0.476607,0.72224,0.501214],[-0.0858045,-0.529194,0.844151]],[[0.874919,-0.445335,-0.190246],[0.483522,0.825154,0.29211],[0.0268955,-0.347561,0.937272]],[[0.874919,-0.445335,-0.190246],[0.464151,0.883209,0.0671265],[0.138133,-0.147033,0.979439]]],null],[873,[0.0100239,0.409717,-0.912158],87,62.4199,[60.7586,213.538,-73.1831],[61.3808,216.076,-72.0281],[-3.46734,-0.482098,1.59834],false,[56.057,143.921,51.7838],[56.9714,177.278,1.09408],[62.6762,201.857,-34.0773],[62.9452,212.854,-58.5581],[60.9135,217.039,-76.0516],[[[0.838982,-0.461395,-0.288486],[0.543951,0.696424,0.468093],[-0.0150668,-0.549643,0.835264]],[[0.834812,-0.505571,-0.217915],[0.534528,0.649584,0.540667],[-0.131791,-0.567837,0.812522]],[[0.834812,-0.505571,-0.217915],[0.550444,0.759296,0.347104],[-0.0100239,-0.409717,0.912158]],[[0.834812,-0.505571,-0.217915],[0.538972,0.831228,0.136271],[0.112242,-0.231211,0.966407]]],null],[874,[0.150588,0.30497,-0.940381],87,48.936,[87.2706,186.864,-60.9704],[86.4383,187.477,-60.568],[-3.1852,3.55927,2.60742],false,[64.3017,134.757,45.6067],[73.2882,164.656,-1.09616],[83.73,179.702,-30.0468],[86.5835,185.48,-47.8661],[86.3949,188.073,-64.362],[[[0.730113,-0.630594,-0.263225],[0.664339,0.564869,0.489466],[-0.159967,-0.532236,0.831346]],[[0.692815,-0.711116,-0.119675],[0.653528,0.549024,0.521031],[-0.304809,-0.439189,0.845106]],[[0.692815,-0.711116,-0.119675],[0.705217,0.633488,0.318373],[-0.150588,-0.30497,0.940381]],[[0.692815,-0.711116,-0.119675],[0.721027,0.685723,0.0995181],[0.0112948,-0.155236,0.987813]]],null]],[[0,200,0],[235.247,235.247,147.751]]],[171729,11086853296,[[87,"right",[-0.0457436,0.691675,-0.720759],[-0.358086,-0.684919,-0.634555],[39.2654,166.107,16.5822],[-0.522588,1.09602,1.05357],[41.5487,163.464,14.136],0,0,1,null,null,null,null]],[[870,[-0.594078,0.296992,-0.747574],87,50.4916,[-38.2349,157.7,-17.373],[-39.5418,157.92,-13.8716],[0.602599,1.09277,0.207351],false,[20.6924,127.963,58.3411],[20.6924,127.963,58.3411],[-10.4903,143.309,24.7112],[-30.1143,153.119,0.0168294],[-42.3578,159.354,-18.0201],[[[0.686619,0.655402,0.314647],[-0.572531,0.220721,0.789614],[0.448066,-0.722309,0.526789]],[[0.406502,0.912792,0.0395926],[-0.647308,0.257148,0.717542],[0.644785,-0.317311,0.695389]],[[0.406502,0.912792,0.0395926],[-0.694138,0.280369,0.662998],[0.594078,-0.296992,0.747574]],[[0.406502,0.912792,0.0395926],[-0.737006,0.30199,0.604669],[0.539981,-0.274979,0.795492]]],null],[871,[-0.27632,0.325756,-0.904174],87,56.9741,[-0.924149,225.513,-55.4422],[-2.67548,221.844,-59.2244],[-3.87555,1.17514,2.25225],false,[34.2887,146.319,60.7098],[16.2871,189.85,7.21947],[8.05186,213.451,-26.0619],[1.58132,221.08,-47.2348],[-3.947,222.072,-62.8057],[[[0.911648,-0.109682,-0.396066],[0.324208,0.784193,0.529084],[0.252561,-0.610746,0.750468]],[[0.927874,-0.154692,-0.339295],[0.316077,0.809049,0.495515],[0.197854,-0.567019,0.79959]],[[0.927874,-0.154692,-0.339295],[0.250396,0.932713,0.259515],[0.27632,-0.325756,0.904174]],[[0.927874,-0.154692,-0.339295],[0.16586,0.986141,0.00397343],[0.333978,-0.0599621,0.940672]]],null],[872,[-0.027204,0.348495,-0.936916],87,64.9174,[38.0032,218.692,-77.466],[38.2452,222.92,-76.3974],[0.210524,5.82456,3.55896],false,[45.4377,146.666,56.4801],[36.93,186.47,2.51656],[40.9404,211.257,-36.8565],[40.191,220.858,-62.6684],[37.664,223.536,-80.4983],[[[0.868672,-0.323255,-0.375387],[0.479132,0.740762,0.470855],[0.125866,-0.588879,0.79836]],[[0.875102,-0.444726,-0.190829],[0.476258,0.721451,0.50268],[-0.0858809,-0.53078,0.843147]],[[0.875102,-0.444726,-0.190829],[0.483174,0.825088,0.29287],[0.027204,-0.348495,0.936916]],[[0.875102,-0.444726,-0.190829],[0.463608,0.883503,0.0670087],[0.138798,-0.147109,0.979333]]],null],[873,[0.00701683,0.406197,-0.913759],87,62.4199,[60.76,213.545,-73.1799],[61.195,215.898,-72.0678],[-6.99506,-5.21301,-0.302978],false,[56.0438,143.952,51.8103],[56.9616,177.297,1.11347],[62.6467,201.883,-34.0573],[62.835,212.784,-58.5811],[60.7051,216.827,-76.0963],[[[0.839119,-0.461306,-0.28823],[0.543738,0.696624,0.468042],[-0.0151227,-0.549465,0.83538]],[[0.834993,-0.505169,-0.218153],[0.534357,0.649788,0.540591],[-0.131337,-0.567961,0.812509]],[[0.834993,-0.505169,-0.218153],[0.550216,0.761451,0.342716],[-0.00701683,-0.406197,0.913759]],[[0.834993,-0.505169,-0.218153],[0.537532,0.833615,0.127063],[0.117667,-0.223361,0.967608]]],null],[874,[0.149404,0.304981,-0.940566],87,48.936,[87.266,186.867,-60.9683],[86.3699,187.515,-60.5379],[-3.46698,2.85457,2.18527],false,[64.2913,134.787,45.6367],[73.2811,164.679,-1.071],[83.71,179.752,-30.0116],[86.541,185.531,-47.8344],[86.3188,188.107,-64.3325],[[[0.730275,-0.630519,-0.262953],[0.664146,0.565094,0.489467],[-0.160025,-0.532085,0.831431]],[[0.693256,-0.710583,-0.120288],[0.653237,0.549051,0.521368],[-0.304431,-0.440018,0.844811]],[[0.693256,-0.710583,-0.120288],[0.705035,0.634081,0.317594],[-0.149404,-0.304981,0.940566]],[[0.693256,-0.710583,-0.120288],[0.720569,0.686497,0.0974833],[0.0133071,-0.154256,0.987941]]],null]],[[0,200,0],[235.247,235.247,147.751]]],[171731,11086870549,[[87,"right",[-0.0457281,0.691509,-0.720919],[-0.357848,-0.68512,-0.634473],[39.2537,166.127,16.6001],[-0.595797,1.11705,1.04649],[41.5463,163.467,14.1386],0,0,1,null,null,null,null]],[[870,[-0.593885,0.296858,-0.747781],87,50.4916,[-38.2424,157.701,-17.3527],[-39.5359,157.933,-13.87],[0.477715,0.920494,0.15559],false,[20.6795,127.989,58.3639],[20.6795,127.989,58.3639],[-10.4944,143.328,24.7229],[-30.1119,153.134,0.0216975],[-42.3509,159.366,-18.0194],[[[0.686445,0.65559,0.314633],[-0.572718,0.220794,0.789458],[0.448092,-0.722116,0.527032]],[[0.406453,0.912814,0.0395705],[-0.647521,0.257229,0.717321],[0.644602,-0.31718,0.695618]],[[0.406453,0.912814,0.0395705],[-0.694332,0.280437,0.662766],[0.593885,-0.296858,0.747781]],[[0.406453,0.912814,0.0395705],[-0.737181,0.302046,0.604428],[0.539778,-0.274842,0.795676]]],null],[871,[-0.277172,0.325487,-0.90401],87,56.9741,[-0.929647,225.502,-55.4536],[-2.74773,221.86,-59.185],[-3.98441,1.07983,2.26597],false,[34.2721,146.347,60.7311],[16.2731,189.864,7.22789],[8.01015,213.49,-26.0291],[1.51964,221.112,-47.1981],[-4.0224,222.083,-62.7655],[[[0.911741,-0.10961,-0.39587],[0.323972,0.784365,0.528974],[0.252526,-0.610538,0.750649]],[[0.927772,-0.153979,-0.339897],[0.315959,0.808769,0.496047],[0.198518,-0.567612,0.799004]],[[0.927772,-0.153979,-0.339897],[0.24983,0.932925,0.259299],[0.277172,-0.325487,0.90401]],[[0.927772,-0.153979,-0.339897],[0.164755,0.98633,0.00288614],[0.334807,-0.0586774,0.940458]]],null],[872,[-0.0278177,0.348844,-0.936768],87,64.9174,[38.004,218.71,-77.4613],[38.1886,222.984,-76.3537],[-1.41631,4.76114,3.0461],false,[45.4218,146.696,56.5034],[36.9174,186.487,2.52961],[40.9129,211.316,-36.8178],[40.1465,220.926,-62.6256],[37.6038,223.598,-80.4543],[[[0.868798,-0.323186,-0.375153],[0.478914,0.740948,0.470784],[0.125818,-0.588682,0.798513]],[[0.875279,-0.444138,-0.191385],[0.475989,0.721134,0.503389],[-0.0855603,-0.531703,0.842598]],[[0.875279,-0.444138,-0.191385],[0.482817,0.825257,0.292981],[0.0278177,-0.348844,0.936768]],[[0.875279,-0.444138,-0.191385],[0.463013,0.88386,0.0664117],[0.139661,-0.146742,0.979266]]],null],[873,[0.00438826,0.404359,-0.91459],87,62.4199,[60.7612,213.554,-73.1758],[61.0034,215.816,-72.0829],[-9.3395,-5.15056,-0.683225],false,[56.0294,143.982,51.8362],[56.9509,177.317,1.13229],[62.5786,201.908,-34.0434],[62.6964,212.761,-58.5895],[60.4977,216.728,-76.1134],[[[0.839253,-0.461223,-0.287971],[0.543529,0.696821,0.467992],[-0.0151845,-0.549285,0.835497]],[[0.835231,-0.504407,-0.219002],[0.534308,0.650255,0.540077],[-0.130012,-0.568103,0.812623]],[[0.835231,-0.504407,-0.219002],[0.549881,0.762933,0.339947],[-0.00438826,-0.404359,0.91459]],[[0.835231,-0.504407,-0.219002],[0.536315,0.835183,0.121804],[0.121468,-0.219188,0.968092]]],null],[874,[0.149174,0.305929,-0.940295],87,48.936,[87.2616,186.87,-60.966],[86.3575,187.608,-60.4771],[-2.05881,4.26541,2.90033],false,[64.2796,134.818,45.6662],[73.273,164.7,-1.04634],[83.7124,179.825,-29.9565],[86.5391,185.622,-47.7742],[86.3032,188.202,-64.2714],[[[0.730434,-0.630449,-0.262677],[0.663956,0.565317,0.489469],[-0.160089,-0.531931,0.831517]],[[0.693711,-0.710025,-0.120955],[0.652609,0.548579,0.522649],[-0.304741,-0.441504,0.843924]],[[0.693711,-0.710025,-0.120955],[0.704637,0.634249,0.318144],[-0.149174,-0.305929,0.940295]],[[0.693711,-0.710025,-0.120955],[0.720115,0.687021,0.0971368],[0.0141294,-0.154487,0.987894]]],null]],[[0,200,0],[235.247,235.247,147.751]]],[171733,11086887933,[[87,"right",[-0.0457086,0.691347,-0.721076],[-0.357613,-0.685317,-0.634393],[39.2413,166.146,16.6175],[-0.653258,1.1134,1.02404],[41.5436,163.47,14.1414],0,0,1,null,null,null,null]],[[870,[-0.593704,0.296711,-0.747982],87,50.4916,[-38.2503,157.703,-17.3314],[-39.5323,157.943,-13.8685],[0.349666,0.778539,0.122724],false,[20.6656,128.014,58.386],[20.6656,128.014,58.386],[-10.5001,143.346,24.7342],[-30.1117,153.148,0.0263411],[-42.3463,159.376,-18.0189],[[[0.686276,0.655774,0.314621],[-0.572904,0.220867,0.789302],[0.448114,-0.721927,0.527272]],[[0.406393,0.912843,0.0395376],[-0.647728,0.257305,0.717107],[0.644433,-0.317037,0.695841]],[[0.406393,0.912843,0.0395376],[-0.694521,0.280501,0.66254],[0.593704,-0.296711,0.747982]],[[0.406393,0.912843,0.0395376],[-0.737353,0.302097,0.604193],[0.539589,-0.274693,0.795857]]],null],[871,[-0.278107,0.325032,-0.903886],87,56.9741,[-0.935598,225.491,-55.4653],[-2.82524,221.865,-59.1468],[-4.26226,0.626451,2.20582],false,[34.2547,146.375,60.7518],[16.2584,189.877,7.23581],[7.96623,213.527,-25.9966],[1.45384,221.139,-47.1628],[-4.1034,222.082,-62.7264],[[[0.911835,-0.109541,-0.395675],[0.32374,0.784534,0.528866],[0.252488,-0.610334,0.750828]],[[0.927661,-0.153247,-0.340529],[0.315841,0.808499,0.496562],[0.19922,-0.568195,0.798415]],[[0.927661,-0.153247,-0.340529],[0.249201,0.933204,0.258901],[0.278107,-0.325032,0.903886]],[[0.927661,-0.153247,-0.340529],[0.163502,0.986542,0.0014394],[0.335725,-0.0570125,0.940233]]],null],[872,[-0.0284778,0.349571,-0.936477],87,64.9174,[38.0046,218.728,-77.4566],[38.1246,223.076,-76.2994],[-2.47446,4.92111,3.03248],false,[45.4051,146.725,56.5261],[36.9042,186.502,2.54215],[40.8785,211.385,-36.7735],[40.094,221.016,-62.5734],[37.5363,223.691,-80.3994],[[[0.868924,-0.323121,-0.37492],[0.478701,0.74113,0.470714],[0.125767,-0.588489,0.798663]],[[0.875469,-0.443432,-0.192148],[0.47572,0.720721,0.504233],[-0.0851079,-0.53285,0.841919]],[[0.875469,-0.443432,-0.192148],[0.482434,0.825329,0.293411],[0.0284778,-0.349571,0.936477]],[[0.875469,-0.443432,-0.192148],[0.462404,0.884185,0.0663233],[0.140485,-0.146914,0.979122]]],null],[873,[0.00261717,0.403294,-0.915067],87,62.4199,[60.7619,213.564,-73.1707],[60.8788,215.79,-72.0667],[-8.41243,-3.5517,0.0212166],false,[56.014,144.012,51.8615],[56.9394,177.336,1.15058],[62.5414,201.955,-34.0096],[62.6116,212.779,-58.5685],[60.3612,216.69,-76.0987],[[[0.839385,-0.461144,-0.287714],[0.543323,0.697013,0.467945],[-0.0152495,-0.549108,0.835613]],[[0.835445,-0.503776,-0.219638],[0.534119,0.650178,0.540358],[-0.129416,-0.568752,0.812264]],[[0.835445,-0.503776,-0.219638],[0.549567,0.763913,0.338248],[-0.00261717,-0.403294,0.915067]],[[0.835445,-0.503776,-0.219638],[0.535327,0.836381,0.117866],[0.124323,-0.216049,0.968435]]],null],[874,[0.148188,0.306611,-0.940229],87,48.936,[87.2573,186.874,-60.9635],[86.2927,187.683,-60.4372],[-3.09472,3.95593,2.48116],false,[64.2669,134.848,45.695],[73.2641,164.722,-1.02226],[83.6846,179.886,-29.9183],[86.4926,185.696,-47.7347],[86.233,188.277,-64.2315],[[[0.73059,-0.630383,-0.262404],[0.663768,0.565534,0.489472],[-0.160157,-0.531779,0.831602]],[[0.694249,-0.709338,-0.121897],[0.652295,0.548527,0.523095],[-0.304187,-0.442671,0.843512]],[[0.694249,-0.709338,-0.121897],[0.704315,0.634689,0.31798],[-0.148188,-0.306611,0.940229]],[[0.694249,-0.709338,-0.121897],[0.719567,0.687718,0.0962644],[0.0155471,-0.154545,0.987863]]],null]],[[0,200,0],[235.247,235.247,147.751]]],[171735,11086905283,[[87,"right",[-0.0456866,0.691191,-0.721227],[-0.35739,-0.685504,-0.634316],[39.2286,166.165,16.6338],[-0.688104,1.08255,0.982076],[41.5407,163.473,14.1446],0,0,1,null,null,null,null]],[[870,[-0.593537,0.296563,-0.748174],87,50.4916,[-38.2584,157.704,-17.3096],[-39.5304,157.953,-13.8672],[0.237474,0.667285,0.0996079],false,[20.6513,128.038,58.4067],[20.6513,128.038,58.4067],[-10.5068,143.363,24.7447],[-30.1129,153.16,0.0305966],[-42.3435,159.385,-18.0185],[[[0.686116,0.655947,0.31461],[-0.573082,0.22094,0.789153],[0.448132,-0.721748,0.527502]],[[0.40633,0.912872,0.0394984],[-0.647923,0.257379,0.716905],[0.644276,-0.316892,0.696051]],[[0.40633,0.912872,0.0394984],[-0.694701,0.280562,0.662326],[0.593537,-0.296563,0.748174]],[[0.40633,0.912872,0.0394984],[-0.737516,0.302144,0.603969],[0.539413,-0.274541,0.796028]]],null],[871,[-0.279402,0.324638,-0.903629],87,56.9741,[-0.942137,225.478,-55.4775],[-2.92972,221.877,-59.0966],[-5.19603,0.627658,2.54869],false,[34.2371,146.402,60.7713],[16.2437,189.89,7.24301],[7.908,213.571,-25.9568],[1.36529,221.173,-47.117],[-4.21264,222.088,-62.6749],[[[0.911923,-0.10948,-0.395487],[0.323521,0.784694,0.528762],[0.252447,-0.610139,0.751]],[[0.92747,-0.15228,-0.341482],[0.315742,0.808167,0.497165],[0.200266,-0.568926,0.797632]],[[0.92747,-0.15228,-0.341482],[0.248463,0.933499,0.258545],[0.279402,-0.324638,0.903629]],[[0.92747,-0.15228,-0.341482],[0.162009,0.986789,-0.0000281607],[0.336975,-0.0552972,0.939888]]],null],[872,[-0.0297285,0.349943,-0.936299],87,64.9174,[38.0048,218.747,-77.4516],[38.0128,223.143,-76.2543],[-4.35993,4.41867,2.83446],false,[45.3883,146.752,56.5475],[36.8909,186.517,2.55379],[40.8222,211.449,-36.7354],[40.0032,221.09,-62.5303],[37.4182,223.756,-80.3537],[[[0.869042,-0.323061,-0.374696],[0.478499,0.741302,0.470648],[0.125715,-0.588305,0.798808]],[[0.875674,-0.442565,-0.193213],[0.475507,0.720485,0.504772],[-0.0841876,-0.53389,0.841352]],[[0.875674,-0.442565,-0.193213],[0.481986,0.825637,0.293279],[0.0297285,-0.349943,0.936299]],[[0.875674,-0.442565,-0.193213],[0.461557,0.884696,0.0654132],[0.141985,-0.146459,0.978974]]],null],[873,[0.00105843,0.402518,-0.915412],87,62.4199,[60.762,213.576,-73.1647],[60.7575,215.772,-72.0581],[-7.92213,-2.5504,0.154151],false,[55.9984,144.04,51.8854],[56.9278,177.354,1.16775],[62.492,201.986,-33.9892],[62.5204,212.789,-58.5574],[60.2309,216.663,-76.0908],[[[0.83951,-0.461071,-0.287467],[0.543129,0.697195,0.467899],[-0.0153146,-0.548938,0.835723]],[[0.83565,-0.503156,-0.220278],[0.534009,0.650391,0.540209],[-0.128543,-0.569056,0.81219]],[[0.83565,-0.503156,-0.220278],[0.549261,0.764731,0.336897],[-0.00105843,-0.402518,0.915412]],[[0.83565,-0.503156,-0.220278],[0.5345,0.837284,0.115175],[0.126484,-0.213985,0.968614]]],null],[874,[0.144265,0.307058,-0.940693],87,48.936,[87.2519,186.878,-60.9609],[86.0621,187.765,-60.4127],[-8.28187,4.16087,1.86007],false,[64.2539,134.876,45.7223],[73.2548,164.741,-0.999538],[83.6009,179.981,-29.883],[86.3346,185.799,-47.7082],[85.9808,188.352,-64.2076],[[[0.730737,-0.630322,-0.262141],[0.663591,0.56574,0.489476],[-0.160224,-0.531632,0.831682]],[[0.695285,-0.707881,-0.124435],[0.652202,0.548644,0.523089],[-0.302014,-0.444853,0.843145]],[[0.695285,-0.707881,-0.124435],[0.704107,0.636097,0.315615],[-0.144265,-0.307058,0.940693]],[[0.695285,-0.707881,-0.124435],[0.718422,0.689591,0.0912908],[0.0211865,-0.15287,0.988019]]],null]],[[0,200,0],[235.247,235.247,147.751]]],[171737,11086922675,[[87,"right",[-0.0456663,0.691041,-0.721372],[-0.357185,-0.685681,-0.63424],[39.2164,166.182,16.6487],[-0.694009,1.03681,0.923033],[41.5375,163.477,14.1481],0,0,1,null,null,null,null]],[[870,[-0.593387,0.296416,-0.748351],87,50.4916,[-38.2666,157.706,-17.2873],[-39.5296,157.961,-13.8659],[0.150666,0.581949,0.0879603],false,[20.6376,128.061,58.4261],[20.6376,128.061,58.4261],[-10.5136,143.379,24.7547],[-30.1148,153.171,0.0346785],[-42.3418,159.392,-18.0181],[[[0.685968,0.656108,0.314594],[-0.573245,0.221014,0.789014],[0.448149,-0.721578,0.527719]],[[0.406269,0.912901,0.039452],[-0.648101,0.257451,0.716718],[0.644136,-0.316749,0.696247]],[[0.406269,0.912901,0.039452],[-0.694865,0.280622,0.662128],[0.593387,-0.296416,0.748351]],[[0.406269,0.912901,0.039452],[-0.737666,0.302192,0.603762],[0.539253,-0.274392,0.796188]]],null],[871,[-0.281064,0.323233,-0.903617],87,56.9741,[-0.949712,225.465,-55.4906],[-3.05827,221.826,-59.0629],[-6.23214,-1.17044,2.21267],false,[34.2204,146.427,60.7893],[16.2296,189.902,7.24942],[7.83869,213.594,-25.9283],[1.25704,221.163,-47.0882],[-4.34725,222.024,-62.6398],[[[0.912005,-0.109426,-0.395313],[0.32332,0.784845,0.528661],[0.25241,-0.609954,0.751163]],[[0.927252,-0.151265,-0.342525],[0.315539,0.808164,0.497299],[0.201592,-0.569201,0.797101]],[[0.927252,-0.151265,-0.342525],[0.2474,0.934152,0.257203],[0.281064,-0.323233,0.903617]],[[0.927252,-0.151265,-0.342525],[0.159925,0.987125,-0.00299602],[0.338568,-0.0520002,0.939504]]],null],[872,[-0.0318654,0.349812,-0.936278],87,64.9174,[38.0042,218.767,-77.4461],[37.8261,223.171,-76.227],[-7.4469,3.03406,2.1933],false,[45.3722,146.778,56.5673],[36.878,186.531,2.5643],[40.7281,211.497,-36.7113],[39.8502,221.134,-62.5056],[37.2215,223.78,-80.3257],[[[0.869151,-0.32301,-0.374487],[0.478313,0.741465,0.470581],[0.125666,-0.588128,0.798945]],[[0.875902,-0.441442,-0.194742],[0.475393,0.72063,0.504672],[-0.0824466,-0.534622,0.84106]],[[0.875902,-0.441442,-0.194742],[0.481436,0.826293,0.292334],[0.0318654,-0.349812,0.936278]],[[0.875902,-0.441442,-0.194742],[0.460379,0.885445,0.0635412],[0.144384,-0.145311,0.978794]]],null],[873,[-0.00352431,0.400067,-0.916479],87,62.4199,[60.7601,213.589,-73.1582],[60.4011,215.639,-72.109],[-13.0876,-4.32334,-1.00374],false,[55.9835,144.067,51.9075],[56.9165,177.37,1.18341],[62.3363,201.987,-34.0071],[62.2417,212.724,-58.6039],[59.8513,216.51,-76.1429],[[[0.839624,-0.461007,-0.287235],[0.54295,0.697366,0.467852],[-0.0153745,-0.548774,0.835829]],[[0.835968,-0.501761,-0.222246],[0.534304,0.651786,0.538233],[-0.125207,-0.568693,0.812965]],[[0.835968,-0.501761,-0.222246],[0.548767,0.766931,0.332675],[0.00352431,-0.400067,0.916479]],[[0.835968,-0.501761,-0.222246],[0.532651,0.839341,0.10858],[0.132059,-0.209149,0.968926]]],null],[874,[0.135705,0.303445,-0.943136],87,48.936,[87.2429,186.883,-60.9581],[85.5666,187.615,-60.5093],[-17.9186,-2.12398,-1.73328],false,[64.2413,134.902,45.7476],[73.2458,164.76,-0.978653],[83.4222,179.999,-29.9226],[85.9937,185.749,-47.7941],[85.4391,188.173,-64.3074],[[[0.730871,-0.630268,-0.261895],[0.663427,0.565932,0.489474],[-0.160285,-0.53149,0.831761]],[[0.696332,-0.706381,-0.127079],[0.653357,0.550587,0.519594],[-0.297063,-0.444837,0.84491]],[[0.696332,-0.706381,-0.127079],[0.704774,0.63949,0.307158],[-0.135705,-0.303445,0.943136]],[[0.696332,-0.706381,-0.127079],[0.716952,0.692788,0.0776198],[0.0332095,-0.145158,0.988851]]],null]],[[0,200,0],[235.247,235.247,147.751]]],[171739,11086939999,[[87,"right",[-0.0456481,0.690906,-0.721502],[-0.357002,-0.685841,-0.63417],[39.2051,166.197,16.6621],[-0.675942,0.969757,0.855207],[41.5339,163.481,14.1519],0,0,1,null,null,null,null]],[[870,[-0.592065,0.296874,-0.749216],87,50.4916,[-38.274,157.708,-17.2663],[-39.4193,158.03,-13.9285],[2.98414,2.13842,-1.6006],false,[20.6251,128.081,58.4436],[20.6251,128.081,58.4436],[-10.4752,143.428,24.7378],[-30.0326,153.234,-0.0108172],[-42.2232,159.463,-18.0857],[[[0.685836,0.656253,0.314579],[-0.573392,0.221081,0.788889],[0.448163,-0.721426,0.527916]],[[0.406933,0.91258,0.0400287],[-0.648732,0.257874,0.715994],[0.64308,-0.31733,0.696958]],[[0.406933,0.91258,0.0400287],[-0.695603,0.281181,0.661115],[0.592065,-0.296874,0.749216]],[[0.406933,0.91258,0.0400287],[-0.738474,0.302872,0.602433],[0.537645,-0.27471,0.797165]]],null],[871,[-0.283272,0.321083,-0.903694],87,56.9741,[-0.958975,225.45,-55.5053],[-3.22749,221.723,-59.0386],[-7.95761,-3.50318,1.81493],false,[34.2051,146.45,60.8055],[16.2166,189.913,7.25514],[7.74723,213.596,-25.9087],[1.11389,221.115,-47.0704],[-4.52426,221.905,-62.6135],[[[0.912078,-0.109379,-0.395158],[0.323139,0.784982,0.528568],[0.252377,-0.609787,0.75131]],[[0.926953,-0.150036,-0.343871],[0.315205,0.808536,0.496905],[0.203479,-0.568998,0.796767]],[[0.926953,-0.150036,-0.343871],[0.245998,0.935091,0.255128],[0.283272,-0.321083,0.903694]],[[0.926953,-0.150036,-0.343871],[0.157292,0.987528,-0.0068708],[0.340613,-0.0477191,0.938992]]],null],[872,[-0.0347598,0.349799,-0.93618],87,64.9174,[38.0024,218.789,-77.4396],[37.5836,223.223,-76.182],[-10.5513,2.97877,2.39447],false,[45.3575,146.802,56.5851],[36.8662,186.544,2.57371],[40.6128,211.571,-36.6727],[39.6551,221.208,-62.4643],[36.9649,223.825,-80.2795],[[[0.869249,-0.322965,-0.374299],[0.478147,0.741611,0.470519],[0.125623,-0.587969,0.799069]],[[0.876161,-0.43996,-0.19692],[0.475295,0.720557,0.504869],[-0.0802297,-0.535941,0.840435]],[[0.876161,-0.43996,-0.19692],[0.480764,0.827089,0.291187],[0.0347598,-0.349799,0.93618]],[[0.876161,-0.43996,-0.19692],[0.458811,0.886445,0.0608972],[0.147767,-0.143705,0.978526]]],null],[873,[-0.00509526,0.400578,-0.916249],87,62.4199,[60.7568,213.603,-73.1506],[60.2653,215.706,-72.0683],[-10.3854,-0.582051,0.53756],false,[55.9698,144.091,51.9274],[56.9061,177.385,1.19745],[62.266,202.04,-33.9759],[62.1292,212.791,-58.5665],[59.7085,216.577,-76.1012],[[[0.839727,-0.46095,-0.287027],[0.54279,0.69752,0.467808],[-0.0154282,-0.548626,0.835925]],[[0.83621,-0.500764,-0.223581],[0.534249,0.651793,0.538279],[-0.123822,-0.569562,0.812568]],[[0.83621,-0.500764,-0.223581],[0.548386,0.767315,0.332415],[0.00509526,-0.400578,0.916249]],[[0.83621,-0.500764,-0.223581],[0.531856,0.839925,0.107961],[0.133728,-0.209191,0.968688]]],null],[874,[0.131917,0.302699,-0.943913],87,48.936,[87.2302,186.888,-60.9551],[85.338,187.61,-60.5247],[-15.5907,-1.21162,-1.30336],false,[64.2298,134.926,45.7703],[73.2373,164.777,-0.959913],[83.3301,180.038,-29.9211],[85.8298,185.774,-47.8074],[85.1911,188.158,-64.3234],[[[0.730992,-0.630221,-0.261672],[0.663281,0.566106,0.489472],[-0.160341,-0.531362,0.831832]],[[0.697054,-0.705359,-0.128781],[0.653693,0.551357,0.518354],[-0.294621,-0.445504,0.845414]],[[0.697054,-0.705359,-0.128781],[0.704779,0.64097,0.304047],[-0.131917,-0.302699,0.943913]],[[0.697054,-0.705359,-0.128781],[0.715998,0.694324,0.0725401],[0.0382488,-0.142771,0.989016]]],null]],[[0,200,0],[235.247,235.247,147.751]]],[171741,11086957259,[[87,"right",[-0.0456277,0.69075,-0.721653],[-0.35679,-0.686026,-0.63409],[39.1906,166.214,16.6771],[-0.756527,0.989282,0.865953],[41.5301,163.486,14.156],0,0,1,null,null,null,null]],[[870,[-0.590401,0.29583,-0.75094],87,50.4916,[-38.2796,157.709,-17.2491],[-39.3157,157.968,-14.0301],[4.35746,-0.351416,-3.51321],false,[20.6091,128.104,58.4633],[20.6091,128.104,58.4633],[-10.4862,143.431,24.7437],[-29.9887,153.203,-0.0618099],[-42.1017,159.392,-18.2024],[[[0.685684,0.656421,0.314561],[-0.573561,0.221158,0.788744],[0.448181,-0.721249,0.528142]],[[0.406681,0.912702,0.0398165],[-0.648992,0.257954,0.715729],[0.642977,-0.316914,0.697242]],[[0.406681,0.912702,0.0398165],[-0.697164,0.281885,0.659169],[0.590401,-0.29583,0.75094]],[[0.406681,0.912702,0.0398165],[-0.741088,0.3041,0.598592],[0.534228,-0.272944,0.800064]]],null],[871,[-0.286081,0.31682,-0.904313],87,56.9741,[-0.970966,225.431,-55.5227],[-3.43819,221.493,-59.0468],[-9.85364,-8.0562,0.740575],false,[34.1859,146.475,60.8237],[16.2002,189.925,7.26128],[7.63544,213.563,-25.9099],[0.93631,220.982,-47.0861],[-4.74485,221.645,-62.6195],[[[0.912163,-0.109324,-0.394978],[0.32293,0.78514,0.528462],[0.25234,-0.609593,0.751479]],[[0.926645,-0.148746,-0.345258],[0.314623,0.809528,0.495658],[0.205769,-